# Created by Octave 9.3.0, Sun Feb 02 13:04:43 2025 CST <luigipizzolito@lparchworkstation>
# name: A
# type: class
# classname: sym
# length: 6
# name: ascii
# type: cell
# rows: 1
# columns: 1
# name: <cell-element>
# type: sq_string
# elements: 1
# length: 208
[0  0  0  1  0  0]
[                ]
[0  0  0  0  1  0]
[                ]
[0  0  0  0  0  1]
[                ]
[0  0  0  0  0  0]
[                ]
[0  0  0  0  0  0]
[                ]
[0  0  0  0  0  0]





# name: extra
# type: cell
# rows: 1
# columns: 1
# name: <cell-element>
# type: matrix
# rows: 0
# columns: 0





# name: flat
# type: cell
# rows: 1
# columns: 1
# name: <cell-element>
# type: sq_string
# elements: 1
# length: 128
Matrix([[0, 0, 0, 1, 0, 0], [0, 0, 0, 0, 1, 0], [0, 0, 0, 0, 0, 1], [0, 0, 0, 0, 0, 0], [0, 0, 0, 0, 0, 0], [0, 0, 0, 0, 0, 0]])





# name: pickle
# type: cell
# rows: 1
# columns: 1
# name: <cell-element>
# type: sq_string
# elements: 1
# length: 464
MutableDenseMatrix([[Integer(0), Integer(0), Integer(0), Integer(1), Integer(0), Integer(0)], [Integer(0), Integer(0), Integer(0), Integer(0), Integer(1), Integer(0)], [Integer(0), Integer(0), Integer(0), Integer(0), Integer(0), Integer(1)], [Integer(0), Integer(0), Integer(0), Integer(0), Integer(0), Integer(0)], [Integer(0), Integer(0), Integer(0), Integer(0), Integer(0), Integer(0)], [Integer(0), Integer(0), Integer(0), Integer(0), Integer(0), Integer(0)]])





# name: size
# type: cell
# rows: 1
# columns: 1
# name: <cell-element>
# type: matrix
# rows: 1
# columns: 2
 6 6





# name: unicode
# type: cell
# rows: 1
# columns: 1
# name: <cell-element>
# type: sq_string
# elements: 1
# length: 252
⎡0  0  0  1  0  0⎤
⎢                ⎥
⎢0  0  0  0  1  0⎥
⎢                ⎥
⎢0  0  0  0  0  1⎥
⎢                ⎥
⎢0  0  0  0  0  0⎥
⎢                ⎥
⎢0  0  0  0  0  0⎥
⎢                ⎥
⎣0  0  0  0  0  0⎦







# name: C
# type: class
# classname: sym
# length: 6
# name: ascii
# type: cell
# rows: 1
# columns: 1
# name: <cell-element>
# type: sq_string
# elements: 1
# length: 94
[1  0  0  0  0  0]
[                ]
[0  1  0  0  0  0]
[                ]
[0  0  1  0  0  0]





# name: extra
# type: cell
# rows: 1
# columns: 1
# name: <cell-element>
# type: matrix
# rows: 0
# columns: 0





# name: flat
# type: cell
# rows: 1
# columns: 1
# name: <cell-element>
# type: sq_string
# elements: 1
# length: 68
Matrix([[1, 0, 0, 0, 0, 0], [0, 1, 0, 0, 0, 0], [0, 0, 1, 0, 0, 0]])





# name: pickle
# type: cell
# rows: 1
# columns: 1
# name: <cell-element>
# type: sq_string
# elements: 1
# length: 242
MutableDenseMatrix([[Integer(1), Integer(0), Integer(0), Integer(0), Integer(0), Integer(0)], [Integer(0), Integer(1), Integer(0), Integer(0), Integer(0), Integer(0)], [Integer(0), Integer(0), Integer(1), Integer(0), Integer(0), Integer(0)]])





# name: size
# type: cell
# rows: 1
# columns: 1
# name: <cell-element>
# type: matrix
# rows: 1
# columns: 2
 3 6





# name: unicode
# type: cell
# rows: 1
# columns: 1
# name: <cell-element>
# type: sq_string
# elements: 1
# length: 114
⎡1  0  0  0  0  0⎤
⎢                ⎥
⎢0  1  0  0  0  0⎥
⎢                ⎥
⎣0  0  1  0  0  0⎦







# name: a_x
# type: class
# classname: sym
# length: 6
# name: ascii
# type: cell
# rows: 1
# columns: 1
# name: <cell-element>
# type: sq_string
# elements: 1
# length: 3
a_x





# name: extra
# type: cell
# rows: 1
# columns: 1
# name: <cell-element>
# type: matrix
# rows: 0
# columns: 0





# name: flat
# type: cell
# rows: 1
# columns: 1
# name: <cell-element>
# type: sq_string
# elements: 1
# length: 3
a_x





# name: pickle
# type: cell
# rows: 1
# columns: 1
# name: <cell-element>
# type: sq_string
# elements: 1
# length: 13
Symbol('a_x')





# name: size
# type: cell
# rows: 1
# columns: 1
# name: <cell-element>
# type: matrix
# rows: 1
# columns: 2
 1 1





# name: unicode
# type: cell
# rows: 1
# columns: 1
# name: <cell-element>
# type: sq_string
# elements: 1
# length: 4
aₓ







# name: a_y
# type: class
# classname: sym
# length: 6
# name: ascii
# type: cell
# rows: 1
# columns: 1
# name: <cell-element>
# type: sq_string
# elements: 1
# length: 3
a_y





# name: extra
# type: cell
# rows: 1
# columns: 1
# name: <cell-element>
# type: matrix
# rows: 0
# columns: 0





# name: flat
# type: cell
# rows: 1
# columns: 1
# name: <cell-element>
# type: sq_string
# elements: 1
# length: 3
a_y





# name: pickle
# type: cell
# rows: 1
# columns: 1
# name: <cell-element>
# type: sq_string
# elements: 1
# length: 13
Symbol('a_y')





# name: size
# type: cell
# rows: 1
# columns: 1
# name: <cell-element>
# type: matrix
# rows: 1
# columns: 2
 1 1





# name: unicode
# type: cell
# rows: 1
# columns: 1
# name: <cell-element>
# type: sq_string
# elements: 1
# length: 3
a_y







# name: a_z
# type: class
# classname: sym
# length: 6
# name: ascii
# type: cell
# rows: 1
# columns: 1
# name: <cell-element>
# type: sq_string
# elements: 1
# length: 3
a_z





# name: extra
# type: cell
# rows: 1
# columns: 1
# name: <cell-element>
# type: matrix
# rows: 0
# columns: 0





# name: flat
# type: cell
# rows: 1
# columns: 1
# name: <cell-element>
# type: sq_string
# elements: 1
# length: 3
a_z





# name: pickle
# type: cell
# rows: 1
# columns: 1
# name: <cell-element>
# type: sq_string
# elements: 1
# length: 13
Symbol('a_z')





# name: size
# type: cell
# rows: 1
# columns: 1
# name: <cell-element>
# type: matrix
# rows: 1
# columns: 2
 1 1





# name: unicode
# type: cell
# rows: 1
# columns: 1
# name: <cell-element>
# type: sq_string
# elements: 1
# length: 3
a_z







# name: ans
# type: class
# classname: sym
# length: 6
# name: ascii
# type: cell
# rows: 1
# columns: 1
# name: <cell-element>
# type: sq_string
# elements: 1
# length: 74
[x_ - x_prev9]
[            ]
[y - y_prev9 ]
[            ]
[z - z_prev9 ]





# name: extra
# type: cell
# rows: 1
# columns: 1
# name: <cell-element>
# type: matrix
# rows: 0
# columns: 0





# name: flat
# type: cell
# rows: 1
# columns: 1
# name: <cell-element>
# type: sq_string
# elements: 1
# length: 54
Matrix([[x_ - x_prev9], [y - y_prev9], [z - z_prev9]])





# name: pickle
# type: cell
# rows: 1
# columns: 1
# name: <cell-element>
# type: sq_string
# elements: 1
# length: 192
MutableDenseMatrix([[Add(Symbol('x_'), Mul(Integer(-1), Symbol('x_prev9')))], [Add(Symbol('y'), Mul(Integer(-1), Symbol('y_prev9')))], [Add(Symbol('z'), Mul(Integer(-1), Symbol('z_prev9')))]])





# name: size
# type: cell
# rows: 1
# columns: 1
# name: <cell-element>
# type: matrix
# rows: 1
# columns: 2
 3 1





# name: unicode
# type: cell
# rows: 1
# columns: 1
# name: <cell-element>
# type: sq_string
# elements: 1
# length: 114
⎡x - xₚᵣₑᵥ₉⎤
⎢          ⎥
⎢y - yₚᵣₑᵥ₉⎥
⎢          ⎥
⎣z - zₚᵣₑᵥ₉⎦







# name: dt
# type: class
# classname: sym
# length: 6
# name: ascii
# type: cell
# rows: 1
# columns: 1
# name: <cell-element>
# type: sq_string
# elements: 1
# length: 2
dt





# name: extra
# type: cell
# rows: 1
# columns: 1
# name: <cell-element>
# type: matrix
# rows: 0
# columns: 0





# name: flat
# type: cell
# rows: 1
# columns: 1
# name: <cell-element>
# type: sq_string
# elements: 1
# length: 2
dt





# name: pickle
# type: cell
# rows: 1
# columns: 1
# name: <cell-element>
# type: sq_string
# elements: 1
# length: 12
Symbol('dt')





# name: size
# type: cell
# rows: 1
# columns: 1
# name: <cell-element>
# type: matrix
# rows: 1
# columns: 2
 1 1





# name: unicode
# type: cell
# rows: 1
# columns: 1
# name: <cell-element>
# type: sq_string
# elements: 1
# length: 2
dt







# name: f
# type: class
# classname: sym
# length: 6
# name: ascii
# type: cell
# rows: 1
# columns: 1
