# Created by Octave 9.3.0, Sun Feb 02 12:44:26 2025 CST <luigipizzolito@lparchworkstation>
# name: A
# type: matrix
# rows: 6
# columns: 6
 0 0 0 1 0 0
 0 0 0 0 1 0
 0 0 0 0 0 1
 0 0 0 0 0 0
 0 0 0 0 0 0
 0 0 0 0 0 0


# name: C
# type: matrix
# rows: 3
# columns: 6
 1 0 0 0 0 0
 0 1 0 0 0 0
 0 0 1 0 0 0


# name: G
# type: matrix
# rows: 6
# columns: 3
 5.0000000000000002e-05 0 0
 0 5.0000000000000002e-05 0
 0 0 5.0000000000000002e-05
 0.01 0 0
 0 0.01 0
 0 0 0.01


# name: K
# type: matrix
# rows: 6
# columns: 3
 0.90909090909090917 0 0
 0 0.90909090909090917 0
 0 0 0.90909090909090917
 0 0 0
 0 0 0
 0 0 0


# name: P
# type: diagonal matrix
# rows: 6
# columns: 6
0.10000000000000001
0.10000000000000001
0.10000000000000001
0.10000000000000001
0.10000000000000001
0.10000000000000001


# name: P0
# type: matrix
# rows: 6
# columns: 6
 0.10000000000250001 0 0 0.10000000050000001 0 0
 0 0.10000000000250001 0 0 0.10000000050000001 0
 0 0 0.10000000000250001 0 0 0.10000000050000001
 0.10000000050000001 0 0 0.10000010000000001 0 0
 0 0.10000000050000001 0 0 0.10000010000000001 0
 0 0 0.10000000050000001 0 0 0.10000010000000001


# name: P1
# type: matrix
# rows: 6
# columns: 6
 0.0090909090909090835 -0 -0 -0 -0 -0
 -0 0.0090909090909090835 -0 -0 -0 -0
 -0 -0 0.0090909090909090835 -0 -0 -0
 -0 -0 -0 0.10000000000000001 -0 -0
 -0 -0 -0 -0 0.10000000000000001 -0
 -0 -0 -0 -0 -0 0.10000000000000001


# name: P2
# type: matrix
# rows: 6
# columns: 6
 0.0090909090911363566 0 0 0.0090909091363636282 0 0
 0 0.0090909090911363566 0 0 0.0090909091363636282 0
 0 0 0.0090909090911363566 0 0 0.0090909091363636282
 0.10000000050000001 0 0 0.10000010000000001 0 0
 0 0.10000000050000001 0 0 0.10000010000000001 0
 0 0 0.10000000050000001 0 0 0.10000010000000001


# name: Q
# type: diagonal matrix
# rows: 3
# columns: 3
0.001
0.001
0.001


# name: Qd
# type: matrix
# rows: 6
# columns: 6
 2.5000000000000003e-12 0 0 5.0000000000000003e-10 0 0
 0 2.5000000000000003e-12 0 0 5.0000000000000003e-10 0
 0 0 2.5000000000000003e-12 0 0 5.0000000000000003e-10
 5.0000000000000003e-10 0 0 1.0000000000000001e-07 0 0
 0 5.0000000000000003e-10 0 0 1.0000000000000001e-07 0
 0 0 5.0000000000000003e-10 0 0 1.0000000000000001e-07


# name: R
# type: diagonal matrix
# rows: 3
# columns: 3
0.01
0.01
0.01


# name: ans
# type: matrix
# rows: 6
# columns: 6
 0 0 0 0.10000000000000001 0 0
 0 0 0 0 0.10000000000000001 0
 0 0 0 0 0 0.10000000000000001
 0 0 0 0 0 0
 0 0 0 0 0 0
 0 0 0 0 0 0


# name: x
# type: matrix
# rows: 1
# columns: 6
 0 0 0 0 0 0


